0 1
0 50
1 2
1 51
2 3
2 52
3 4
3 53
4 5
4 54
5 6
5 55
6 7
6 56
7 8
7 57
8 9
8 58
9 10
9 59
10 11
10 60
11 12
11 61
12 13
12 62
13 14
13 63
14 15
14 64
15 16
15 65
16 17
16 66
17 18
17 67
18 19
18 68
19 20
19 69
20 21
20 70
21 22
21 71
22 23
22 72
23 24
23 73
24 25
24 74
25 26
25 75
26 27
26 76
27 28
27 77
28 29
28 78
29 30
29 79
30 31
30 80
31 32
31 81
32 33
32 82
33 34
33 83
34 35
34 84
35 36
35 85
36 37
36 86
37 38
37 87
38 39
38 88
39 40
39 89
40 41
40 90
41 42
41 91
42 43
42 92
43 44
43 93
44 45
44 94
45 46
45 95
46 47
46 96
47 48
47 97
48 49
48 98
49 99
